[gd_scene load_steps=41 format=4 uid="uid://dirupln0p5560"]

[ext_resource type="Script" uid="uid://bncjfqswqgssj" path="res://scripts/spiders_skeleton.gd" id="1_c7em6"]

[sub_resource type="StandardMaterial3D" id="StandardMaterial3D_yavc1"]

[sub_resource type="ArrayMesh" id="ArrayMesh_kxefx"]
resource_name = "spider_Cube_001"
_surfaces = [{
"aabb": AABB(-0.5000001, -0.10000002, -0.25000006, 1.0000002, 0.20000003, 0.5000001),
"attribute_data": PackedByteArray("AADAPgAAgD8AACA/AABAPwAAID8AAIA/AADAPgAAQD8AAMA+AABAPwAAID8AAAA/AAAgPwAAQD8AAMA+AAAAPwAAwD4AAAA/AAAgPwAAgD4AACA/AAAAPwAAwD4AAIA+AADAPgAAgD4AACA/AAAAAAAAID8AAIA+AADAPgAAAAAAAAA+AAAAPwAAwD4AAIA+AADAPgAAAD8AAAA+AACAPgAAID8AAAA/AABgPwAAgD4AAGA/AAAAPwAAID8AAIA+"),
"bone_aabbs": [AABB(-0.5000001, -0.10000002, -0.25000006, 1.0000002, 0.20000003, 0.50001013)],
"format": 34359745559,
"index_count": 36,
"index_data": PackedByteArray("AAABAAIAAAADAAEABAAFAAYABAAHAAUACAAJAAoACAALAAkADAANAA4ADAAPAA0AEAARABIAEAATABEAFAAVABYAFAAXABUA"),
"material": SubResource("StandardMaterial3D_yavc1"),
"primitive": 3,
"skin_data": PackedByteArray("AAAAAAAAAAD//wAAAAAAAAAAAAAAAAAA//8AAAAAAAAAAAAAAAAAAP//AAAAAAAAAAAAAAAAAAD//wAAAAAAAAAAAAAAAAAA//8AAAAAAAAAAAAAAAAAAP//AAAAAAAAAAAAAAAAAAD//wAAAAAAAAAAAAAAAAAA//8AAAAAAAAAAAAAAAAAAP//AAAAAAAAAAAAAAAAAAD//wAAAAAAAAAAAAAAAAAA//8AAAAAAAAAAAAAAAAAAP//AAAAAAAAAAAAAAAAAAD//wAAAAAAAAAAAAAAAAAA//8AAAAAAAAAAAAAAAAAAP//AAAAAAAAAAAAAAAAAAD//wAAAAAAAAAAAAAAAAAA//8AAAAAAAAAAAAAAAAAAP//AAAAAAAAAAAAAAAAAAD//wAAAAAAAAAAAAAAAAAA//8AAAAAAAAAAAAAAAAAAP//AAAAAAAAAAAAAAAAAAD//wAAAAAAAAAAAAAAAAAA//8AAAAAAAAAAAAAAAAAAP//AAAAAAAA"),
"uv_scale": Vector4(0, 0, 0, 0),
"vertex_count": 24,
"vertex_data": PackedByteArray("AgAAv8/MzL0CAIA+AgAAv8/MzD0CAIC+AgAAv8/MzD0CAIA+AgAAv8/MzL0CAIC+AgAAv8/MzL0CAIC+AgAAP8/MzD0CAIC+AgAAv8/MzD0CAIC+AgAAP8/MzL0CAIC+AgAAP8/MzL0CAIC+AgAAP8/MzD0CAIA+AgAAP8/MzD0CAIC+AgAAP8/MzL0CAIA+AgAAP8/MzL0CAIA+AgAAv8/MzD0CAIA+AgAAP8/MzD0CAIA+AgAAv8/MzL0CAIA+AgAAv8/MzL0CAIC+AgAAP8/MzL0CAIA+AgAAP8/MzL0CAIC+AgAAv8/MzL0CAIA+AgAAP8/MzD0CAIC+AgAAv8/MzD0CAIA+AgAAv8/MzD0CAIC+AgAAP8/MzD0CAIA+AAD/f/9///8AAP9//3///wAA/3//f///AAD/f/9//////////3//////////f/////////9//////////3///////3//f///////f/9///////9//3///////3//f////3//f/9/////f/9//3////9//3//f////3//f/9/////fwAA////v/9/AAD///+//38AAP///7//fwAA////v/9///8AAP+//3///wAA/7//f///AAD/v/9///8AAP+/")
}]
blend_shape_mode = 0

[sub_resource type="Skin" id="Skin_2ee2v"]
resource_name = "Skin"
bind_count = 25
bind/0/name = &"Body"
bind/0/bone = -1
bind/0/pose = Transform3D(1, 0, 0, 0, 1, 0, 0, 0, 1, 0, 0, 0)
bind/1/name = &"Leg_FL.l"
bind/1/bone = -1
bind/1/pose = Transform3D(0.8274428, 0.5604695, -0.03481931, -0.49999997, 0.7071068, -0.5000002, -0.25561386, 0.43113115, 0.8653251, 0.40501657, -0.37499997, 0.08852419)
bind/2/name = &"Leg_FU.l"
bind/2/bone = -1
bind/2/pose = Transform3D(-0.8527502, 0.30128884, 0.42666382, -0.50000006, -0.707107, -0.4999995, 0.15105279, -0.63970673, 0.75363004, -0.7244914, -0.37499952, 1.1233822)
bind/3/name = &"Leg_FU.l.001"
bind/3/bone = -1
bind/3/pose = Transform3D(-0.3384173, -2.5214053e-09, 0.940996, 1.840084e-07, 1, 1.9286037e-07, -0.9409959, -7.0109656e-09, -0.33841702, 0.653554, 0.035355896, -1.8025295)
bind/4/name = &"Leg_BL.l"
bind/4/bone = -1
bind/4/pose = Transform3D(0.34174266, -0.6915963, -0.6363225, 0.5, 0.7071067, -0.49999988, 0.79574615, -0.14728996, 0.5874468, -0.32995194, -0.37499997, -0.25101137)
bind/5/name = &"Leg_BU.l"
bind/5/bone = -1
bind/5/pose = Transform3D(0.059963375, -0.5476975, 0.8345246, 0.50000006, -0.70710653, -0.49999982, 0.8639468, 0.44724405, 0.23144843, 0.91448265, -0.37499997, -0.9749849)
bind/6/name = &"Leg_BU.l.001"
bind/6/bone = -1
bind/6/pose = Transform3D(0.9949414, 3.742179e-09, -0.100453384, -2.2074677e-07, 0.99999964, 1.8703346e-07, 0.10045379, -3.706444e-08, 0.99494123, -1.590594, 0.035355754, 1.0706335)
bind/7/name = &"Leg_MbL.l"
bind/7/bone = -1
bind/7/pose = Transform3D(0.3430337, -0.6886647, -0.6388027, 0.1227875, 0.7071069, -0.6963642, 0.9312632, 0.16043946, 0.32712087, -0.21115573, -0.19250917, -0.057909276)
bind/8/name = &"Leg_MbU.l"
bind/8/bone = -1
bind/8/pose = Transform3D(0.120785095, -0.6858101, 0.71768737, 0.122787826, -0.7071067, -0.696364, 0.9850553, 0.17223378, -0.001198746, 1.0826921, -0.19250889, -0.37945417)
bind/9/name = &"Leg_MbU.l.001"
bind/9/bone = -1
bind/9/pose = Transform3D(0.4082933, -7.518587e-09, -0.9128504, 4.384964e-08, 1, 1.1450866e-08, 0.91285086, 3.36286e-09, 0.40829325, -1.6267859, 0.035355095, 0.30100194)
bind/10/name = &"Leg_MfL.l"
bind/10/bone = -1
bind/10/pose = Transform3D(0.34303346, -0.6281858, -0.69836277, -0.122788005, 0.7071069, -0.69636434, 0.93126327, 0.3246268, 0.16542761, -0.123135656, -0.1925093, 0.18104647)
bind/11/name = &"Leg_MfU.l"
bind/11/bone = -1
bind/11/pose = Transform3D(0.12078543, -0.70710534, 0.6967158, -0.12278778, -0.70710677, -0.69636416, 0.9850553, -0.0014375296, -0.17223199, 1.1422949, -0.19250925, 0.10663199)
bind/12/name = &"Leg_MfU.l.001"
bind/12/bone = -1
bind/12/pose = Transform3D(-0.17565003, 5.182457e-08, -0.9844524, 1.7281856e-08, 1, 9.37288e-09, 0.98445255, -1.9873678e-09, -0.17564994, -1.6513158, 0.03535541, 0.10095232)
bind/13/name = &"Leg_FL.r"
bind/13/bone = -1
bind/13/pose = Transform3D(0.82744277, 0.5604693, 0.03481951, -0.49999994, 0.7071068, 0.49999994, 0.2556135, -0.43113118, 0.8653251, 0.40501654, -0.37499997, -0.08852452)
bind/14/name = &"Leg_FU.r"
bind/14/bone = -1
bind/14/pose = Transform3D(-0.85275024, 0.3012887, -0.4266635, -0.49999988, -0.70710695, 0.49999994, -0.1510523, 0.63970697, 0.75362986, -0.72449166, -0.37499976, -1.1233817)
bind/15/name = &"Leg_FU.r.001"
bind/15/bone = -1
bind/15/pose = Transform3D(-0.33841845, 6.617336e-08, -0.94099545, 2.243508e-07, 1, -8.068523e-08, 0.94099545, -7.8725435e-09, -0.3384184, 0.65355235, 0.035355635, 1.8025308)
bind/16/name = &"Leg_BL.r"
bind/16/bone = -1
bind/16/pose = Transform3D(0.34174213, -0.6915964, 0.63632286, 0.5, 0.70710677, 0.49999994, -0.7957463, 0.14729038, 0.58744633, -0.3299517, -0.37499994, 0.25101167)
bind/17/name = &"Leg_BU.r"
bind/17/bone = -1
bind/17/pose = Transform3D(0.059963822, -0.5476974, -0.8345248, 0.50000006, -0.7071067, 0.49999988, -0.863947, -0.44724447, 0.23144788, 0.91448224, -0.37499997, 0.9749857)
bind/18/name = &"Leg_BU.r.001"
bind/18/bone = -1
bind/18/pose = Transform3D(0.9949419, 2.993731e-09, 0.100452945, 1.1411572e-07, 1, 5.6452283e-08, -0.10045293, 2.9651572e-08, 0.99494165, -1.5905942, 0.035355095, -1.0706356)
bind/19/name = &"Leg_MbL.r"
bind/19/bone = -1
bind/19/pose = Transform3D(0.34303293, -0.68866485, 0.63880277, 0.12278777, 0.70710665, 0.69636416, -0.9312633, -0.16043858, 0.32712066, -0.21115564, -0.1925092, 0.05790933)
bind/20/name = &"Leg_MbU.r"
bind/20/bone = -1
bind/20/pose = Transform3D(0.12078528, -0.68581, -0.7176874, 0.12278793, -0.70710665, 0.69636434, -0.9850552, -0.17223376, -0.0011988054, 1.0826919, -0.19250922, 0.37945458)
bind/21/name = &"Leg_MbU.r.001"
bind/21/bone = -1
bind/21/pose = Transform3D(0.4082932, -1.691017e-08, 0.9128502, -2.0703052e-07, 0.99999976, -5.3586524e-07, -0.9128507, -7.563463e-09, 0.40829325, -1.6267853, 0.035356026, -0.30100158)
bind/22/name = &"Leg_MfL.r"
bind/22/bone = -1
bind/22/pose = Transform3D(0.3430328, -0.628186, 0.6983628, -0.12278776, 0.70710665, 0.6963639, -0.9312633, -0.32462612, 0.16542728, -0.1231358, -0.19250916, -0.1810463)
bind/23/name = &"Leg_MfU.r"
bind/23/bone = -1
bind/23/pose = Transform3D(0.1207849, -0.7071051, -0.69671565, -0.12278777, -0.70710665, 0.69636405, -0.9850553, 0.0014379238, -0.17223164, 1.1422945, -0.19250895, -0.10663228)
bind/24/name = &"Leg_MfU.r.001"
bind/24/bone = -1
bind/24/pose = Transform3D(-0.17565, -6.191779e-08, 0.9844523, -3.6160843e-09, 0.99999976, -1.0565917e-07, -0.98445255, -1.7237923e-09, -0.17564993, -1.6513155, 0.03535531, -0.100952104)

[sub_resource type="StandardMaterial3D" id="StandardMaterial3D_3jtub"]

[sub_resource type="ArrayMesh" id="ArrayMesh_nppax"]
resource_name = "spider_Cube_002"
_surfaces = [{
"aabb": AABB(0.41464466, -0.070710674, 0.16464464, 0.6207108, 0.7778176, 0.6207108),
"attribute_data": PackedByteArray("AADAPgAAgD8AACA/AABAPwAAID8AAIA/AADAPgAAQD8AAMA+AABAPwAAID8AAAA/AAAgPwAAQD8AAMA+AAAAPwAAwD4AAAA/AAAgPwAAgD4AACA/AAAAPwAAwD4AAIA+AADAPgAAgD4AACA/AAAAAAAAID8AAIA+AADAPgAAAAAAAAA+AAAAPwAAwD4AAIA+AADAPgAAAD8AAAA+AACAPgAAID8AAAA/AABgPwAAgD4AAGA/AAAAPwAAID8AAIA+"),
"bone_aabbs": [AABB(0, 0, 0, -1, -1, -1), AABB(0, 0, 0, -1, -1, -1), AABB(0, 0, 0, -1, -1, -1), AABB(0, 0, 0, -1, -1, -1), AABB(0, 0, 0, -1, -1, -1), AABB(0, 0, 0, -1, -1, -1), AABB(0, 0, 0, -1, -1, -1), AABB(0, 0, 0, -1, -1, -1), AABB(0, 0, 0, -1, -1, -1), AABB(0, 0, 0, -1, -1, -1), AABB(0, 0, 0, -1, -1, -1), AABB(0, 0, 0, -1, -1, -1), AABB(0, 0, 0, -1, -1, -1), AABB(0, 0, 0, -1, -1, -1), AABB(0, 0, 0, -1, -1, -1), AABB(0, 0, 0, -1, -1, -1), AABB(0.41464466, -0.070710674, 0.16464464, 0.6207108, 0.7778176, 0.6207108)],
"format": 34359745559,
"index_count": 36,
"index_data": PackedByteArray("AAABAAIAAAADAAEABAAFAAYABAAHAAUACAAJAAoACAALAAkADAANAA4ADAAPAA0AEAARABIAEAATABEAFAAVABYAFAAXABUA"),
"material": SubResource("StandardMaterial3D_3jtub"),
"primitive": 3,
"skin_data": PackedByteArray("EAAAAAAAAAD//wAAAAAAABAAAAAAAAAA//8AAAAAAAAQAAAAAAAAAP//AAAAAAAAEAAAAAAAAAD//wAAAAAAABAAAAAAAAAA//8AAAAAAAAQAAAAAAAAAP//AAAAAAAAEAAAAAAAAAD//wAAAAAAABAAAAAAAAAA//8AAAAAAAAQAAAAAAAAAP//AAAAAAAAEAAAAAAAAAD//wAAAAAAABAAAAAAAAAA//8AAAAAAAAQAAAAAAAAAP//AAAAAAAAEAAAAAAAAAD//wAAAAAAABAAAAAAAAAA//8AAAAAAAAQAAAAAAAAAP//AAAAAAAAEAAAAAAAAAD//wAAAAAAABAAAAAAAAAA//8AAAAAAAAQAAAAAAAAAP//AAAAAAAAEAAAAAAAAAD//wAAAAAAABAAAAAAAAAA//8AAAAAAAAQAAAAAAAAAP//AAAAAAAAEAAAAAAAAAD//wAAAAAAABAAAAAAAAAA//8AAAAAAAAQAAAAAAAAAP//AAAAAAAA"),
"uv_scale": Vector4(0, 0, 0, 0),
"vertex_count": 24,
"vertex_data": PackedByteArray("6OXtPsLQkL0ZGpI+KSZqP/YENT9BQDw/9vJ2P97qIj8ODUk/TkzUPvJNwTL9AHE+TkzUPvJNwTL9AHE+QkB8P/YENT8pJio/KSZqP/YENT9BQDw/gID4PtL0wDKbmCg+gID4PtL0wDKbmCg+h4aEP97qIj/28jY/QkB8P/YENT8pJio/DQ0JP8LQkL3Py1s+DQ0JP8LQkL3Py1s+9vJ2P97qIj8ODUk/h4aEP97qIj/28jY/6OXtPsLQkL0ZGpI+TkzUPvJNwTL9AHE+DQ0JP8LQkL3Py1s+gID4PtL0wDKbmCg+6OXtPsLQkL0ZGpI+QkB8P/YENT8pJio/9vJ2P97qIj8ODUk/KSZqP/YENT9BQDw/h4aEP97qIj/28jY//z//f3ylgdr/P/9/fKWB2v8//398pYHa/z//f3ylgdoENYHafKWB2gQ1gdp8pYHaBDWB2nylgdoENYHafKWB2v///798pYHa////v3ylgdr///+/fKWB2v///798pYHafKX6Snylgdp8pfpKfKWB2nyl+kp8pYHafKX6SnylgdoENX0l////nwQ1fSX///+fBDV9Jf///58ENX0l////n3ylBLX/P/+/fKUEtf8//798pQS1/z//v3ylBLX/P/+/")
}]
blend_shape_mode = 0

[sub_resource type="StandardMaterial3D" id="StandardMaterial3D_lqd0h"]

[sub_resource type="ArrayMesh" id="ArrayMesh_ddvif"]
resource_name = "spider_Cube_003"
_surfaces = [{
"aabb": AABB(0.9146445, -0.070710674, 0.6646446, 0.62071085, 0.7778176, 0.62071085),
"attribute_data": PackedByteArray("AADAPgAAgD8AACA/AABAPwAAID8AAIA/AADAPgAAQD8AAMA+AABAPwAAID8AAAA/AAAgPwAAQD8AAMA+AAAAPwAAwD4AAAA/AAAgPwAAgD4AACA/AAAAPwAAwD4AAIA+AADAPgAAgD4AACA/AAAAAAAAID8AAIA+AADAPgAAAAAAAAA+AAAAPwAAwD4AAIA+AADAPgAAAD8AAAA+AACAPgAAID8AAAA/AABgPwAAgD4AAGA/AAAAPwAAID8AAIA+"),
"bone_aabbs": [AABB(0, 0, 0, -1, -1, -1), AABB(0, 0, 0, -1, -1, -1), AABB(0, 0, 0, -1, -1, -1), AABB(0, 0, 0, -1, -1, -1), AABB(0, 0, 0, -1, -1, -1), AABB(0, 0, 0, -1, -1, -1), AABB(0, 0, 0, -1, -1, -1), AABB(0, 0, 0, -1, -1, -1), AABB(0, 0, 0, -1, -1, -1), AABB(0, 0, 0, -1, -1, -1), AABB(0, 0, 0, -1, -1, -1), AABB(0, 0, 0, -1, -1, -1), AABB(0, 0, 0, -1, -1, -1), AABB(0, 0, 0, -1, -1, -1), AABB(0, 0, 0, -1, -1, -1), AABB(0, 0, 0, -1, -1, -1), AABB(0, 0, 0, -1, -1, -1), AABB(0.9146445, -0.070710674, 0.6646446, 0.62071085, 0.7778176, 0.62071085)],
"format": 34359745559,
"index_count": 36,
"index_data": PackedByteArray("AAABAAIAAAADAAEABAAFAAYABAAHAAUACAAJAAoACAALAAkADAANAA4ADAAPAA0AEAARABIAEAATABEAFAAVABYAFAAXABUA"),
"material": SubResource("StandardMaterial3D_lqd0h"),
"primitive": 3,
"skin_data": PackedByteArray("EQAAAAAAAAD//wAAAAAAABEAAAAAAAAA//8AAAAAAAARAAAAAAAAAP//AAAAAAAAEQAAAAAAAAD//wAAAAAAABEAAAAAAAAA//8AAAAAAAARAAAAAAAAAP//AAAAAAAAEQAAAAAAAAD//wAAAAAAABEAAAAAAAAA//8AAAAAAAARAAAAAAAAAP//AAAAAAAAEQAAAAAAAAD//wAAAAAAABEAAAAAAAAA//8AAAAAAAARAAAAAAAAAP//AAAAAAAAEQAAAAAAAAD//wAAAAAAABEAAAAAAAAA//8AAAAAAAARAAAAAAAAAP//AAAAAAAAEQAAAAAAAAD//wAAAAAAABEAAAAAAAAA//8AAAAAAAARAAAAAAAAAP//AAAAAAAAEQAAAAAAAAD//wAAAAAAABEAAAAAAAAA//8AAAAAAAARAAAAAAAAAP//AAAAAAAAEQAAAAAAAAD//wAAAAAAABEAAAAAAAAA//8AAAAAAAARAAAAAAAAAP//AAAAAAAA"),
"uv_scale": Vector4(0, 0, 0, 0),
"vertex_count": 24,
"vertex_data": PackedByteArray("HyC+P8LQkL0UE5U/hYaEP/YENT/z8jY/PUB8P97qIj8mJio/hobEP/JNwTJ7eZs/hobEP/JNwTJ7eZs/8fJ2P/YENT8MDUk/hYaEP/YENT/z8jY/enm7P9L0wDKHhqQ/enm7P9L0wDKHhqQ/JCZqP97qIj8/QDw/8fJ2P/YENT8MDUk/ExO1P8LQkL0gIJ4/ExO1P8LQkL0gIJ4/PUB8P97qIj8mJio/JCZqP97qIj8/QDw/HyC+P8LQkL0UE5U/hobEP/JNwTJ7eZs/ExO1P8LQkL0gIJ4/enm7P9L0wDKHhqQ/HyC+P8LQkL0UE5U/8fJ2P/YENT8MDUk/PUB8P97qIj8mJio/hYaEP/YENT/z8jY/JCZqP97qIj8/QDw/////vwQ1QO3///+/BDVA7f///78ENUDt////vwQ1QO18pQS1BDVA7XylBLUENUDtfKUEtQQ1QO18pQS1BDVA7f8//38ENUDt/z//fwQ1QO3/P/9/BDVA7f8//38ENUDtBDV9JQQ1QO0ENX0lBDVA7QQ1fSUENUDtBDV9JQQ1QO18pfpK/z//v3yl+kr/P/+/fKX6Sv8//798pfpK/z//vwQ1gdr////fBDWB2v///98ENYHa////3wQ1gdr////f")
}]
blend_shape_mode = 0

[sub_resource type="StandardMaterial3D" id="StandardMaterial3D_e4i0h"]

[sub_resource type="ArrayMesh" id="ArrayMesh_xrggn"]
resource_name = "spider_Cube_010"
_surfaces = [{
"aabb": AABB(0.4146446, -0.070710674, -0.7853555, 0.62071085, 0.7778176, 0.6207108),
"attribute_data": PackedByteArray("AADAPgAAgD8AACA/AABAPwAAID8AAIA/AADAPgAAQD8AAMA+AABAPwAAID8AAAA/AAAgPwAAQD8AAMA+AAAAPwAAwD4AAAA/AAAgPwAAgD4AACA/AAAAPwAAwD4AAIA+AADAPgAAgD4AACA/AAAAAAAAID8AAIA+AADAPgAAAAAAAAA+AAAAPwAAwD4AAIA+AADAPgAAAD8AAAA+AACAPgAAID8AAAA/AABgPwAAgD4AAGA/AAAAPwAAID8AAIA+"),
"bone_aabbs": [AABB(0, 0, 0, -1, -1, -1), AABB(0, 0, 0, -1, -1, -1), AABB(0, 0, 0, -1, -1, -1), AABB(0, 0, 0, -1, -1, -1), AABB(0.4146446, -0.070710674, -0.7853555, 0.62071085, 0.7778176, 0.6207108)],
"format": 34359745559,
"index_count": 36,
"index_data": PackedByteArray("AAABAAIAAAADAAEABAAFAAYABAAHAAUACAAJAAoACAALAAkADAANAA4ADAAPAA0AEAARABIAEAATABEAFAAVABYAFAAXABUA"),
"material": SubResource("StandardMaterial3D_e4i0h"),
"primitive": 3,
"skin_data": PackedByteArray("BAAAAAAAAAD//wAAAAAAAAQAAAAAAAAA//8AAAAAAAAEAAAAAAAAAP//AAAAAAAABAAAAAAAAAD//wAAAAAAAAQAAAAAAAAA//8AAAAAAAAEAAAAAAAAAP//AAAAAAAABAAAAAAAAAD//wAAAAAAAAQAAAAAAAAA//8AAAAAAAAEAAAAAAAAAP//AAAAAAAABAAAAAAAAAD//wAAAAAAAAQAAAAAAAAA//8AAAAAAAAEAAAAAAAAAP//AAAAAAAABAAAAAAAAAD//wAAAAAAAAQAAAAAAAAA//8AAAAAAAAEAAAAAAAAAP//AAAAAAAABAAAAAAAAAD//wAAAAAAAAQAAAAAAAAA//8AAAAAAAAEAAAAAAAAAP//AAAAAAAABAAAAAAAAAD//wAAAAAAAAQAAAAAAAAA//8AAAAAAAAEAAAAAAAAAP//AAAAAAAABAAAAAAAAAD//wAAAAAAAAQAAAAAAAAA//8AAAAAAAAEAAAAAAAAAP//AAAAAAAA"),
"uv_scale": Vector4(0, 0, 0, 0),
"vertex_count": 24,
"vertex_data": PackedByteArray("DA0JP8LQkL3Ty1u+QUB8P/YENT8qJiq/h4aEP97qIj/38ja/foD4PtL0wDKfmCi+foD4PtL0wDKfmCi+KCZqP/YENT9CQDy/QUB8P/YENT8qJiq/TEzUPvJNwTIBAXG+TEzUPvJNwTIBAXG+9fJ2P97qIj8PDUm/KCZqP/YENT9CQDy/5uXtPsLQkL0bGpK+5uXtPsLQkL0bGpK+h4aEP97qIj/38ja/9fJ2P97qIj8PDUm/DA0JP8LQkL3Ty1u+foD4PtL0wDKfmCi+5uXtPsLQkL0bGpK+TEzUPvJNwTIBAXG+DA0JP8LQkL3Ty1u+KCZqP/YENT9CQDy/h4aEP97qIj/38ja/QUB8P/YENT8qJiq/9fJ2P97qIj8PDUm//7//f/rKQO3/v/9/+spA7f+//3/6ykDt/7//f/rKQO2CWgS1+spA7YJaBLX6ykDtgloEtfrKQO2CWgS1+spA7QAA/7/6ykDtAAD/v/rKQO0AAP+/+spA7QAA/7/6ykDt+sp9JfrKQO36yn0l+spA7frKfSX6ykDt+sp9JfrKQO2CWvpKAAD/34Ja+koAAP/fglr6SgAA/9+CWvpKAAD/3/rKgdr/v/+/+sqB2v+//7/6yoHa/7//v/rKgdr/v/+/")
}]
blend_shape_mode = 0

[sub_resource type="StandardMaterial3D" id="StandardMaterial3D_x7u7m"]

[sub_resource type="ArrayMesh" id="ArrayMesh_r2oaj"]
resource_name = "spider_Cube_011"
_surfaces = [{
"aabb": AABB(0.9146446, -0.070710704, -1.2853554, 0.62071085, 0.77781785, 0.620711),
"attribute_data": PackedByteArray("AADAPgAAgD8AACA/AABAPwAAID8AAIA/AADAPgAAQD8AAMA+AABAPwAAID8AAAA/AAAgPwAAQD8AAMA+AAAAPwAAwD4AAAA/AAAgPwAAgD4AACA/AAAAPwAAwD4AAIA+AADAPgAAgD4AACA/AAAAAAAAID8AAIA+AADAPgAAAAAAAAA+AAAAPwAAwD4AAIA+AADAPgAAAD8AAAA+AACAPgAAID8AAAA/AABgPwAAgD4AAGA/AAAAPwAAID8AAIA+"),
"bone_aabbs": [AABB(0, 0, 0, -1, -1, -1), AABB(0, 0, 0, -1, -1, -1), AABB(0, 0, 0, -1, -1, -1), AABB(0, 0, 0, -1, -1, -1), AABB(0, 0, 0, -1, -1, -1), AABB(0.9146446, -0.070710704, -1.2853554, 0.62071085, 0.77781785, 0.620711)],
"format": 34359745559,
"index_count": 36,
"index_data": PackedByteArray("AAABAAIAAAADAAEABAAFAAYABAAHAAUACAAJAAoACAALAAkADAANAA4ADAAPAA0AEAARABIAEAATABEAFAAVABYAFAAXABUA"),
"material": SubResource("StandardMaterial3D_x7u7m"),
"primitive": 3,
"skin_data": PackedByteArray("BQAAAAAAAAD//wAAAAAAAAUAAAAAAAAA//8AAAAAAAAFAAAAAAAAAP//AAAAAAAABQAAAAAAAAD//wAAAAAAAAUAAAAAAAAA//8AAAAAAAAFAAAAAAAAAP//AAAAAAAABQAAAAAAAAD//wAAAAAAAAUAAAAAAAAA//8AAAAAAAAFAAAAAAAAAP//AAAAAAAABQAAAAAAAAD//wAAAAAAAAUAAAAAAAAA//8AAAAAAAAFAAAAAAAAAP//AAAAAAAABQAAAAAAAAD//wAAAAAAAAUAAAAAAAAA//8AAAAAAAAFAAAAAAAAAP//AAAAAAAABQAAAAAAAAD//wAAAAAAAAUAAAAAAAAA//8AAAAAAAAFAAAAAAAAAP//AAAAAAAABQAAAAAAAAD//wAAAAAAAAUAAAAAAAAA//8AAAAAAAAFAAAAAAAAAP//AAAAAAAABQAAAAAAAAD//wAAAAAAAAUAAAAAAAAA//8AAAAAAAAFAAAAAAAAAP//AAAAAAAA"),
"uv_scale": Vector4(0, 0, 0, 0),
"vertex_count": 24,
"vertex_data": PackedByteArray("FBO1P8bQkL0gIJ6/8/J2P/kENT8JDUm/JiZqP+DqIj88QDy/e3m7P3aoFzGHhqS/e3m7P3aoFzGHhqS/hoaEP/kENT/w8ja/8/J2P/kENT8JDUm/h4bEPxuihjF6eZu/h4bEPxuihjF6eZu/P0B8P+DqIj8jJiq/hoaEP/kENT/w8ja/ISC+P8bQkL0UE5W/ISC+P8bQkL0UE5W/JiZqP+DqIj88QDy/P0B8P+DqIj8jJiq/FBO1P8bQkL0gIJ6/e3m7P3aoFzGHhqS/ISC+P8bQkL0UE5W/h4bEPxuihjF6eZu/FBO1P8bQkL0gIJ6/hoaEP/kENT/w8ja/JiZqP+DqIj88QDy/8/J2P/kENT8JDUm/P0B8P+DqIj8jJiq/AAD/v4JagdoAAP+/glqB2gAA/7+CWoHaAAD/v4Jagdr6yoHaglqB2vrKgdqCWoHa+sqB2oJagdr6yoHaglqB2v+//3+CWoHa/7//f4Jagdr/v/9/glqB2v+//3+CWoHaglr6SoJagdqCWvpKglqB2oJa+kqCWoHaglr6SoJagdr6yn0l/7//v/rKfSX/v/+/+sp9Jf+//7/6yn0l/7//v4JaBLUAAP/fgloEtQAA/9+CWgS1AAD/34JaBLUAAP/f")
}]
blend_shape_mode = 0

[sub_resource type="StandardMaterial3D" id="StandardMaterial3D_7k7yg"]

[sub_resource type="ArrayMesh" id="ArrayMesh_umjw3"]
resource_name = "spider_Cube_012"
_surfaces = [{
"aabb": AABB(-1.0353558, -0.070710704, -0.7853554, 0.6207111, 0.7778177, 0.62071073),
"attribute_data": PackedByteArray("AADAPgAAgD8AACA/AABAPwAAID8AAIA/AADAPgAAQD8AAMA+AABAPwAAID8AAAA/AAAgPwAAQD8AAMA+AAAAPwAAwD4AAAA/AAAgPwAAgD4AACA/AAAAPwAAwD4AAIA+AADAPgAAgD4AACA/AAAAAAAAID8AAIA+AADAPgAAAAAAAAA+AAAAPwAAwD4AAIA+AADAPgAAAD8AAAA+AACAPgAAID8AAAA/AABgPwAAgD4AAGA/AAAAPwAAID8AAIA+"),
"bone_aabbs": [AABB(0, 0, 0, -1, -1, -1), AABB(-1.0353558, -0.070710704, -0.7853554, 0.6207111, 0.7778177, 0.62071073)],
"format": 34359745559,
"index_count": 36,
"index_data": PackedByteArray("AAABAAIAAAADAAEABAAFAAYABAAHAAUACAAJAAoACAALAAkADAANAA4ADAAPAA0AEAARABIAEAATABEAFAAVABYAFAAXABUA"),
"material": SubResource("StandardMaterial3D_7k7yg"),
"primitive": 3,
"skin_data": PackedByteArray("AQAAAAAAAAD//wAAAAAAAAEAAAAAAAAA//8AAAAAAAABAAAAAAAAAP//AAAAAAAAAQAAAAAAAAD//wAAAAAAAAEAAAAAAAAA//8AAAAAAAABAAAAAAAAAP//AAAAAAAAAQAAAAAAAAD//wAAAAAAAAEAAAAAAAAA//8AAAAAAAABAAAAAAAAAP//AAAAAAAAAQAAAAAAAAD//wAAAAAAAAEAAAAAAAAA//8AAAAAAAABAAAAAAAAAP//AAAAAAAAAQAAAAAAAAD//wAAAAAAAAEAAAAAAAAA//8AAAAAAAABAAAAAAAAAP//AAAAAAAAAQAAAAAAAAD//wAAAAAAAAEAAAAAAAAA//8AAAAAAAABAAAAAAAAAP//AAAAAAAAAQAAAAAAAAD//wAAAAAAAAEAAAAAAAAA//8AAAAAAAABAAAAAAAAAP//AAAAAAAAAQAAAAAAAAD//wAAAAAAAAEAAAAAAAAA//8AAAAAAAABAAAAAAAAAP//AAAAAAAA"),
"uv_scale": Vector4(0, 0, 0, 0),
"vertex_count": 24,
"vertex_data": PackedByteArray("6eXtvsbQkL0YGpK+LyZqv/cENT9BQDy//PJ2v97qIj8NDUm/T0zUvg5j0rD+AHG+T0zUvg5j0rD+AHG+R0B8v/cENT8nJiq/LyZqv/cENT9BQDy/f4D4vgelUzGamCi+f4D4vgelUzGamCi+ioaEv97qIj/08ja/R0B8v/cENT8nJiq/DQ0Jv8XQkL3My1u+DQ0Jv8XQkL3My1u+/PJ2v97qIj8NDUm/ioaEv97qIj/08ja/6eXtvsbQkL0YGpK+T0zUvg5j0rD+AHG+DQ0Jv8XQkL3My1u+f4D4vgelUzGamCi+6eXtvsbQkL0YGpK+R0B8v/cENT8nJiq//PJ2v97qIj8NDUm/LyZqv/cENT9BQDy/ioaEv97qIj/08ja/////PwQ1QO3///8/BDVA7f///z8ENUDt////PwQ1QO18pQS1BDVA7XylBLUENUDtfKUEtQQ1QO18pQS1BDVA7f8//38ENUDt/z//fwQ1QO3/P/9/BDVA7f8//38ENUDtBDV9JQQ1QO0ENX0lBDVA7QQ1fSUENUDtBDV9JQQ1QO18pfpK/z//v3yl+kr/P/+/fKX6Sv8//798pfpK/z//vwQ1gdr///+fBDWB2v///58ENYHa/v//nwQ1gdr////f")
}]
blend_shape_mode = 0

[sub_resource type="StandardMaterial3D" id="StandardMaterial3D_n276a"]

[sub_resource type="ArrayMesh" id="ArrayMesh_4wx8k"]
resource_name = "spider_Cube_013"
_surfaces = [{
"aabb": AABB(-1.5353556, -0.0707107, -1.2853554, 0.620711, 0.7778178, 0.6207109),
"attribute_data": PackedByteArray("AADAPgAAgD8AACA/AABAPwAAID8AAIA/AADAPgAAQD8AAMA+AABAPwAAID8AAAA/AAAgPwAAQD8AAMA+AAAAPwAAwD4AAAA/AAAgPwAAgD4AACA/AAAAPwAAwD4AAIA+AADAPgAAgD4AACA/AAAAAAAAID8AAIA+AADAPgAAAAAAAAA+AAAAPwAAwD4AAIA+AADAPgAAAD8AAAA+AACAPgAAID8AAAA/AABgPwAAgD4AAGA/AAAAPwAAID8AAIA+"),
"bone_aabbs": [AABB(0, 0, 0, -1, -1, -1), AABB(0, 0, 0, -1, -1, -1), AABB(-1.5353556, -0.0707107, -1.2853554, 0.620711, 0.7778178, 0.6207109)],
"format": 34359745559,
"index_count": 36,
"index_data": PackedByteArray("AAABAAIAAAADAAEABAAFAAYABAAHAAUACAAJAAoACAALAAkADAANAA4ADAAPAA0AEAARABIAEAATABEAFAAVABYAFAAXABUA"),
"material": SubResource("StandardMaterial3D_n276a"),
"primitive": 3,
"skin_data": PackedByteArray("AgAAAAAAAAD//wAAAAAAAAIAAAAAAAAA//8AAAAAAAACAAAAAAAAAP//AAAAAAAAAgAAAAAAAAD//wAAAAAAAAIAAAAAAAAA//8AAAAAAAACAAAAAAAAAP//AAAAAAAAAgAAAAAAAAD//wAAAAAAAAIAAAAAAAAA//8AAAAAAAACAAAAAAAAAP//AAAAAAAAAgAAAAAAAAD//wAAAAAAAAIAAAAAAAAA//8AAAAAAAACAAAAAAAAAP//AAAAAAAAAgAAAAAAAAD//wAAAAAAAAIAAAAAAAAA//8AAAAAAAACAAAAAAAAAP//AAAAAAAAAgAAAAAAAAD//wAAAAAAAAIAAAAAAAAA//8AAAAAAAACAAAAAAAAAP//AAAAAAAAAgAAAAAAAAD//wAAAAAAAAIAAAAAAAAA//8AAAAAAAACAAAAAAAAAP//AAAAAAAAAgAAAAAAAAD//wAAAAAAAAIAAAAAAAAA//8AAAAAAAACAAAAAAAAAP//AAAAAAAA"),
"uv_scale": Vector4(0, 0, 0, 0),
"vertex_count": 24,
"vertex_data": PackedByteArray("ISC+v8XQkL0UE5W/hYaEv/gENT/y8ja/PkB8v9/qIj8lJiq/iIbEv+aI17B6eZu/iIbEv+aI17B6eZu/8vJ2v/gENT8LDUm/hYaEv/gENT/y8ja/e3m7vy1iQ7GHhqS/e3m7vy1iQ7GHhqS/JSZqv9/qIj8+QDy/8vJ2v/gENT8LDUm/FRO1v8XQkL0gIJ6/FRO1v8XQkL0gIJ6/PkB8v9/qIj8lJiq/JSZqv9/qIj8+QDy/ISC+v8XQkL0UE5W/iIbEv+aI17B6eZu/FRO1v8XQkL0gIJ6/e3m7vy1iQ7GHhqS/ISC+v8XQkL0UE5W/8vJ2v/gENT8LDUm/PkB8v9/qIj8lJiq/hYaEv/gENT/y8ja/JSZqv9/qIj8+QDy//z//f3ylgdr/P/9/fKWB2v8//398pYHa/z//f3ylgdoENYHafKWB2gQ1gdp8pYHaBDWB2nylgdoENYHafKWB2v///z98pYHa////P3ylgdr///8/fKWB2v///z98pYHafKX6Snylgdp8pfpKfKWB2nyl+kp8pYHafKX6SnylgdoENX0l////nwQ1fSX///+fBDV9Jf///58ENX0l////n3ylBLX/P/+/fKUEtf8//798pQS1/z//v3ylBLX/P/+/")
}]
blend_shape_mode = 0

[sub_resource type="StandardMaterial3D" id="StandardMaterial3D_p7q1i"]

[sub_resource type="ArrayMesh" id="ArrayMesh_bagqc"]
resource_name = "spider_Cube_014"
_surfaces = [{
"aabb": AABB(-1.0353554, -0.070710704, 0.16464467, 0.62071085, 0.7778178, 0.6207111),
"attribute_data": PackedByteArray("AADAPgAAgD8AACA/AABAPwAAID8AAIA/AADAPgAAQD8AAMA+AABAPwAAID8AAAA/AAAgPwAAQD8AAMA+AAAAPwAAwD4AAAA/AAAgPwAAgD4AACA/AAAAPwAAwD4AAIA+AADAPgAAgD4AACA/AAAAAAAAID8AAIA+AADAPgAAAAAAAAA+AAAAPwAAwD4AAIA+AADAPgAAAD8AAAA+AACAPgAAID8AAAA/AABgPwAAgD4AAGA/AAAAPwAAID8AAIA+"),
"bone_aabbs": [AABB(0, 0, 0, -1, -1, -1), AABB(0, 0, 0, -1, -1, -1), AABB(0, 0, 0, -1, -1, -1), AABB(0, 0, 0, -1, -1, -1), AABB(0, 0, 0, -1, -1, -1), AABB(0, 0, 0, -1, -1, -1), AABB(0, 0, 0, -1, -1, -1), AABB(0, 0, 0, -1, -1, -1), AABB(0, 0, 0, -1, -1, -1), AABB(0, 0, 0, -1, -1, -1), AABB(0, 0, 0, -1, -1, -1), AABB(0, 0, 0, -1, -1, -1), AABB(0, 0, 0, -1, -1, -1), AABB(-1.0353554, -0.070710704, 0.16464467, 0.62071085, 0.7778178, 0.6207111)],
"format": 34359745559,
"index_count": 36,
"index_data": PackedByteArray("AAABAAIAAAADAAEABAAFAAYABAAHAAUACAAJAAoACAALAAkADAANAA4ADAAPAA0AEAARABIAEAATABEAFAAVABYAFAAXABUA"),
"material": SubResource("StandardMaterial3D_p7q1i"),
"primitive": 3,
"skin_data": PackedByteArray("DQAAAAAAAAD//wAAAAAAAA0AAAAAAAAA//8AAAAAAAANAAAAAAAAAP//AAAAAAAADQAAAAAAAAD//wAAAAAAAA0AAAAAAAAA//8AAAAAAAANAAAAAAAAAP//AAAAAAAADQAAAAAAAAD//wAAAAAAAA0AAAAAAAAA//8AAAAAAAANAAAAAAAAAP//AAAAAAAADQAAAAAAAAD//wAAAAAAAA0AAAAAAAAA//8AAAAAAAANAAAAAAAAAP//AAAAAAAADQAAAAAAAAD//wAAAAAAAA0AAAAAAAAA//8AAAAAAAANAAAAAAAAAP//AAAAAAAADQAAAAAAAAD//wAAAAAAAA0AAAAAAAAA//8AAAAAAAANAAAAAAAAAP//AAAAAAAADQAAAAAAAAD//wAAAAAAAA0AAAAAAAAA//8AAAAAAAANAAAAAAAAAP//AAAAAAAADQAAAAAAAAD//wAAAAAAAA0AAAAAAAAA//8AAAAAAAANAAAAAAAAAP//AAAAAAAA"),
"uv_scale": Vector4(0, 0, 0, 0),
"vertex_count": 24,
"vertex_data": PackedByteArray("DA0Jv8bQkL3Sy1s+QEB8v/gENT8uJio/h4aEv9/qIj/78jY/f4D4vhYSUTGdmCg+f4D4vhYSUTGdmCg+JyZqv/gENT9GQDw/QEB8v/gENT8uJio/TUzUvhbbUzH+AHE+TUzUvhbbUzH+AHE+9PJ2v9/qIj8TDUk/JyZqv/gENT9GQDw/5uXtvsbQkL0aGpI+5uXtvsbQkL0aGpI+h4aEv9/qIj/78jY/9PJ2v9/qIj8TDUk/DA0Jv8bQkL3Sy1s+f4D4vhYSUTGdmCg+5uXtvsbQkL0aGpI+TUzUvhbbUzH+AHE+DA0Jv8bQkL3Sy1s+JyZqv/gENT9GQDw/h4aEv9/qIj/78jY/QEB8v/gENT8uJio/9PJ2v9/qIj8TDUk/AAD/v4JagdoAAP+/glqB2gAA/7+CWoHaAAD/v4Jagdr6yoHaglqB2vrKgdqCWoHa+sqB2oJagdr6yoHaglqB2v+//3+CWoHa/7//f4Jagdr/v/9/glqB2v+//3+CWoHaglr6SoJagdqCWvpKglqB2oJa+kqCWoHaglr6SoJagdr6yn0l/7//v/rKfSX/v/+/+sp9Jf+//7/6yn0l/7//v4JaBLUAAP+fgloEtQAA/5+CWgS1AAD/n4JaBLUAAP+f")
}]
blend_shape_mode = 0

[sub_resource type="StandardMaterial3D" id="StandardMaterial3D_gqgmw"]

[sub_resource type="ArrayMesh" id="ArrayMesh_1juxn"]
resource_name = "spider_Cube_015"
_surfaces = [{
"aabb": AABB(-1.5353552, -0.07071067, 0.6646445, 0.6207107, 0.77781767, 0.62071085),
"attribute_data": PackedByteArray("AADAPgAAgD8AACA/AABAPwAAID8AAIA/AADAPgAAQD8AAMA+AABAPwAAID8AAAA/AAAgPwAAQD8AAMA+AAAAPwAAwD4AAAA/AAAgPwAAgD4AACA/AAAAPwAAwD4AAIA+AADAPgAAgD4AACA/AAAAAAAAID8AAIA+AADAPgAAAAAAAAA+AAAAPwAAwD4AAIA+AADAPgAAAD8AAAA+AACAPgAAID8AAAA/AABgPwAAgD4AAGA/AAAAPwAAID8AAIA+"),
"bone_aabbs": [AABB(0, 0, 0, -1, -1, -1), AABB(0, 0, 0, -1, -1, -1), AABB(0, 0, 0, -1, -1, -1), AABB(0, 0, 0, -1, -1, -1), AABB(0, 0, 0, -1, -1, -1), AABB(0, 0, 0, -1, -1, -1), AABB(0, 0, 0, -1, -1, -1), AABB(0, 0, 0, -1, -1, -1), AABB(0, 0, 0, -1, -1, -1), AABB(0, 0, 0, -1, -1, -1), AABB(0, 0, 0, -1, -1, -1), AABB(0, 0, 0, -1, -1, -1), AABB(0, 0, 0, -1, -1, -1), AABB(0, 0, 0, -1, -1, -1), AABB(-1.5353552, -0.07071067, 0.6646445, 0.6207107, 0.77781767, 0.62071085)],
"format": 34359745559,
"index_count": 36,
"index_data": PackedByteArray("AAABAAIAAAADAAEABAAFAAYABAAHAAUACAAJAAoACAALAAkADAANAA4ADAAPAA0AEAARABIAEAATABEAFAAVABYAFAAXABUA"),
"material": SubResource("StandardMaterial3D_gqgmw"),
"primitive": 3,
"skin_data": PackedByteArray("DgAAAAAAAAD//wAAAAAAAA4AAAAAAAAA//8AAAAAAAAOAAAAAAAAAP//AAAAAAAADgAAAAAAAAD//wAAAAAAAA4AAAAAAAAA//8AAAAAAAAOAAAAAAAAAP//AAAAAAAADgAAAAAAAAD//wAAAAAAAA4AAAAAAAAA//8AAAAAAAAOAAAAAAAAAP//AAAAAAAADgAAAAAAAAD//wAAAAAAAA4AAAAAAAAA//8AAAAAAAAOAAAAAAAAAP//AAAAAAAADgAAAAAAAAD//wAAAAAAAA4AAAAAAAAA//8AAAAAAAAOAAAAAAAAAP//AAAAAAAADgAAAAAAAAD//wAAAAAAAA4AAAAAAAAA//8AAAAAAAAOAAAAAAAAAP//AAAAAAAADgAAAAAAAAD//wAAAAAAAA4AAAAAAAAA//8AAAAAAAAOAAAAAAAAAP//AAAAAAAADgAAAAAAAAD//wAAAAAAAA4AAAAAAAAA//8AAAAAAAAOAAAAAAAAAP//AAAAAAAA"),
"uv_scale": Vector4(0, 0, 0, 0),
"vertex_count": 24,
"vertex_data": PackedByteArray("EhO1v8HQkL0fIJ4/8vJ2v/cENT8JDUk/JSZqv9/qIj88QDw/eXm7v9wAmTKGhqQ/eXm7v9wAmTKGhqQ/hoaEv/cENT/x8jY/8vJ2v/cENT8JDUk/hYbEv6wOtjJ6eZs/hYbEv6wOtjJ6eZs/PkB8v9/qIj8kJio/hoaEv/cENT/x8jY/HyC+v8HQkL0TE5U/HyC+v8HQkL0TE5U/JSZqv9/qIj88QDw/PkB8v9/qIj8kJio/EhO1v8HQkL0fIJ4/eXm7v9wAmTKGhqQ/HyC+v8HQkL0TE5U/hYbEv6wOtjJ6eZs/EhO1v8HQkL0fIJ4/hoaEv/cENT/x8jY/JSZqv9/qIj88QDw/8vJ2v/cENT8JDUk/PkB8v9/qIj8kJio//7//f/rKQO3/v/9/+spA7f+//3/6ykDt/7//f/rKQO2CWgS1+spA7YJaBLX6ykDtgloEtfrKQO2CWgS1+spA7QAA/7/6ykDtAAD/v/rKQO0AAP+/+spA7QAA/7/6ykDt+sp9JfrKQO36yn0l+spA7frKfSX6ykDt+sp9JfrKQO2CWvpKAAD/34Ja+koAAP/fglr6SgAA/5+CWvpKAAD/3/rKgdr/v/+/+sqB2v+//7/6yoHa/7//v/rKgdr/v/+/")
}]
blend_shape_mode = 0

[sub_resource type="StandardMaterial3D" id="StandardMaterial3D_8yj51"]

[sub_resource type="ArrayMesh" id="ArrayMesh_yldie"]
resource_name = "spider_Cube_016"
_surfaces = [{
"aabb": AABB(-0.32202867, -0.0707107, -0.9550469, 0.23354787, 0.7778178, 0.7833658),
"attribute_data": PackedByteArray("AADAPgAAgD8AACA/AABAPwAAID8AAIA/AADAPgAAQD8AAMA+AABAPwAAID8AAAA/AAAgPwAAQD8AAMA+AAAAPwAAwD4AAAA/AAAgPwAAgD4AACA/AAAAPwAAwD4AAIA+AADAPgAAgD4AACA/AAAAAAAAID8AAIA+AADAPgAAAAAAAAA+AAAAPwAAwD4AAIA+AADAPgAAAD8AAAA+AACAPgAAID8AAAA/AABgPwAAgD4AAGA/AAAAPwAAID8AAIA+"),
"bone_aabbs": [AABB(0, 0, 0, -1, -1, -1), AABB(0, 0, 0, -1, -1, -1), AABB(0, 0, 0, -1, -1, -1), AABB(0, 0, 0, -1, -1, -1), AABB(0, 0, 0, -1, -1, -1), AABB(0, 0, 0, -1, -1, -1), AABB(0, 0, 0, -1, -1, -1), AABB(0, 0, 0, -1, -1, -1), AABB(0, 0, 0, -1, -1, -1), AABB(0, 0, 0, -1, -1, -1), AABB(-0.32202867, -0.0707107, -0.9550469, 0.23354787, 0.7778178, 0.7833658)],
"format": 34359745559,
"index_count": 36,
"index_data": PackedByteArray("AAABAAIAAAADAAEABAAFAAYABAAHAAUACAAJAAoACAALAAkADAANAA4ADAAPAA0AEAARABIAEAATABEAFAAVABYAFAAXABUA"),
"material": SubResource("StandardMaterial3D_8yj51"),
"primitive": 3,
"skin_data": PackedByteArray("CgAAAAAAAAD//wAAAAAAAAoAAAAAAAAA//8AAAAAAAAKAAAAAAAAAP//AAAAAAAACgAAAAAAAAD//wAAAAAAAAoAAAAAAAAA//8AAAAAAAAKAAAAAAAAAP//AAAAAAAACgAAAAAAAAD//wAAAAAAAAoAAAAAAAAA//8AAAAAAAAKAAAAAAAAAP//AAAAAAAACgAAAAAAAAD//wAAAAAAAAoAAAAAAAAA//8AAAAAAAAKAAAAAAAAAP//AAAAAAAACgAAAAAAAAD//wAAAAAAAAoAAAAAAAAA//8AAAAAAAAKAAAAAAAAAP//AAAAAAAACgAAAAAAAAD//wAAAAAAAAoAAAAAAAAA//8AAAAAAAAKAAAAAAAAAP//AAAAAAAACgAAAAAAAAD//wAAAAAAAAoAAAAAAAAA//8AAAAAAAAKAAAAAAAAAP//AAAAAAAACgAAAAAAAAD//wAAAAAAAAoAAAAAAAAA//8AAAAAAAAKAAAAAAAAAP//AAAAAAAA"),
"uv_scale": Vector4(0, 0, 0, 0),
"vertex_count": 24,
"vertex_data": PackedByteArray("EFvOvcXQkL0GcoS+6VZYvvgENT9CqmK/uulkvt/qIj/0fXS/bDW1vdQFELFGlUG+bDW1vdQFELFGlUG+iJeevvgENT88OF6/6VZYvvgENT9CqmK/3XI/vswgH7EtzS++3XI/vswgH7EtzS++8eCkvt/qIj/uC3C/iJeevvgENT88OF6/rwVMvsXQkL3zG3e+rwVMvsXQkL3zG3e+uulkvt/qIj/0fXS/8eCkvt/qIj/uC3C/EFvOvcXQkL0GcoS+bDW1vdQFELFGlUG+rwVMvsXQkL3zG3e+3XI/vswgH7EtzS++EFvOvcXQkL0GcoS+iJeevvgENT88OF6/uulkvt/qIj/0fXS/6VZYvvgENT9CqmK/8eCkvt/qIj/uC3C///8vk0w72Pr//y+TTDvY+v//L5NMO9j6//8vk0w72PpLiky7TDvY+kuKTLtMO9j6S4pMu0w72PpLiky7TDvY+i8T/39MO9j6LxP/f0w72PovE/9/TDvY+i8T/39MO9j6TDtMCkw72PpMO0wKTDvY+kw7TApMO9j6TDtMCkw72PpLirJELxP/v0uKskQvE/+/S4qyRC8T/79LirJELxP/v0w7svX//5fJTDuy9f//l8lMO7L1//+XyUw7svX//5fJ")
}]
blend_shape_mode = 0

[sub_resource type="StandardMaterial3D" id="StandardMaterial3D_dvoun"]

[sub_resource type="ArrayMesh" id="ArrayMesh_1p66q"]
resource_name = "spider_Cube_017"
_surfaces = [{
"aabb": AABB(-0.4448161, -0.070710674, -1.651411, 0.23354746, 0.7778176, 0.78336567),
"attribute_data": PackedByteArray("AADAPgAAgD8AACA/AABAPwAAID8AAIA/AADAPgAAQD8AAMA+AABAPwAAID8AAAA/AAAgPwAAQD8AAMA+AAAAPwAAwD4AAAA/AAAgPwAAgD4AACA/AAAAPwAAwD4AAIA+AADAPgAAgD4AACA/AAAAAAAAID8AAIA+AADAPgAAAAAAAAA+AAAAPwAAwD4AAIA+AADAPgAAAD8AAAA+AACAPgAAID8AAAA/AABgPwAAgD4AAGA/AAAAPwAAID8AAIA+"),
"bone_aabbs": [AABB(0, 0, 0, -1, -1, -1), AABB(0, 0, 0, -1, -1, -1), AABB(0, 0, 0, -1, -1, -1), AABB(0, 0, 0, -1, -1, -1), AABB(0, 0, 0, -1, -1, -1), AABB(0, 0, 0, -1, -1, -1), AABB(0, 0, 0, -1, -1, -1), AABB(0, 0, 0, -1, -1, -1), AABB(0, 0, 0, -1, -1, -1), AABB(0, 0, 0, -1, -1, -1), AABB(0, 0, 0, -1, -1, -1), AABB(-0.4448161, -0.070710674, -1.651411, 0.23354746, 0.7778176, 0.78336567)],
"format": 34359745559,
"index_count": 36,
"index_data": PackedByteArray("AAABAAIAAAADAAEABAAFAAYABAAHAAUACAAJAAoACAALAAkADAANAA4ADAAPAA0AEAARABIAEAATABEAFAAVABYAFAAXABUA"),
"material": SubResource("StandardMaterial3D_dvoun"),
"primitive": 3,
"skin_data": PackedByteArray("CwAAAAAAAAD//wAAAAAAAAsAAAAAAAAA//8AAAAAAAALAAAAAAAAAP//AAAAAAAACwAAAAAAAAD//wAAAAAAAAsAAAAAAAAA//8AAAAAAAALAAAAAAAAAP//AAAAAAAACwAAAAAAAAD//wAAAAAAAAsAAAAAAAAA//8AAAAAAAALAAAAAAAAAP//AAAAAAAACwAAAAAAAAD//wAAAAAAAAsAAAAAAAAA//8AAAAAAAALAAAAAAAAAP//AAAAAAAACwAAAAAAAAD//wAAAAAAAAsAAAAAAAAA//8AAAAAAAALAAAAAAAAAP//AAAAAAAACwAAAAAAAAD//wAAAAAAAAsAAAAAAAAA//8AAAAAAAALAAAAAAAAAP//AAAAAAAACwAAAAAAAAD//wAAAAAAAAsAAAAAAAAA//8AAAAAAAALAAAAAAAAAP//AAAAAAAACwAAAAAAAAD//wAAAAAAAAsAAAAAAAAA//8AAAAAAAALAAAAAAAAAP//AAAAAAAA"),
"uv_scale": Vector4(0, 0, 0, 0),
"vertex_count": 24,
"vertex_data": PackedByteArray("iXXdvsLQkL2UPsi/4uCkvvYENT/qC3C/e5eevt7qIj85OF6/8L7jvjfGwTJtKNG/8L7jvjfGwTJtKNG/n+lkvvYENT/wfXS/4uCkvvYENT/qC3C/3VKxvo18wDJwYdO/3VKxvo18wDJwYdO/z1ZYvt7qIj8+qmK/n+lkvvYENT/wfXS/dgmrvsLQkL2Xd8q/dgmrvsLQkL2Xd8q/e5eevt7qIj85OF6/z1ZYvt7qIj8+qmK/iXXdvsLQkL2UPsi/8L7jvjfGwTJtKNG/dgmrvsLQkL2Xd8q/3VKxvo18wDJwYdO/iXXdvsLQkL2UPsi/n+lkvvYENT/wfXS/e5eevt7qIj85OF6/4uCkvvYENT/qC3C/z1ZYvt7qIj8+qmK/LxP/f0uKpd0vE/9/S4ql3S8T/39LiqXdLxP/f0uKpd1MO7L1S4ql3Uw7svVLiqXdTDuy9UuKpd1MO7L1S4ql3f//z2xLiqXd///PbEuKpd3//89sS4ql3f//z2xLiqXdS4qyREuKpd1LirJES4ql3UuKskRLiqXdS4qyREuKpd1MO0wK/v+XyUw7TAr+/5fJTDtMCv7/l8lMO0wK/v+XyUuKTLsvE/+/S4pMuy8T/79Liky7LxP/v0uKTLsvE/+/")
}]
blend_shape_mode = 0

[sub_resource type="StandardMaterial3D" id="StandardMaterial3D_qigwi"]

[sub_resource type="ArrayMesh" id="ArrayMesh_w767a"]
resource_name = "spider_Cube_018"
_surfaces = [{
"aabb": AABB(-0.32202774, -0.0707107, 0.17168121, 0.23354691, 0.7778178, 0.78336585),
"attribute_data": PackedByteArray("AADAPgAAgD8AACA/AABAPwAAID8AAIA/AADAPgAAQD8AAMA+AABAPwAAID8AAAA/AAAgPwAAQD8AAMA+AAAAPwAAwD4AAAA/AAAgPwAAgD4AACA/AAAAPwAAwD4AAIA+AADAPgAAgD4AACA/AAAAAAAAID8AAIA+AADAPgAAAAAAAAA+AAAAPwAAwD4AAIA+AADAPgAAAD8AAAA+AACAPgAAID8AAAA/AABgPwAAgD4AAGA/AAAAPwAAID8AAIA+"),
"bone_aabbs": [AABB(0, 0, 0, -1, -1, -1), AABB(0, 0, 0, -1, -1, -1), AABB(0, 0, 0, -1, -1, -1), AABB(0, 0, 0, -1, -1, -1), AABB(0, 0, 0, -1, -1, -1), AABB(0, 0, 0, -1, -1, -1), AABB(0, 0, 0, -1, -1, -1), AABB(0, 0, 0, -1, -1, -1), AABB(0, 0, 0, -1, -1, -1), AABB(0, 0, 0, -1, -1, -1), AABB(0, 0, 0, -1, -1, -1), AABB(0, 0, 0, -1, -1, -1), AABB(0, 0, 0, -1, -1, -1), AABB(0, 0, 0, -1, -1, -1), AABB(0, 0, 0, -1, -1, -1), AABB(0, 0, 0, -1, -1, -1), AABB(0, 0, 0, -1, -1, -1), AABB(0, 0, 0, -1, -1, -1), AABB(0, 0, 0, -1, -1, -1), AABB(0, 0, 0, -1, -1, -1), AABB(0, 0, 0, -1, -1, -1), AABB(0, 0, 0, -1, -1, -1), AABB(-0.32202774, -0.0707107, 0.17168121, 0.23354691, 0.7778178, 0.78336585)],
"format": 34359745559,
"index_count": 36,
"index_data": PackedByteArray("AAABAAIAAAADAAEABAAFAAYABAAHAAUACAAJAAoACAALAAkADAANAA4ADAAPAA0AEAARABIAEAATABEAFAAVABYAFAAXABUA"),
"material": SubResource("StandardMaterial3D_qigwi"),
"primitive": 3,
"skin_data": PackedByteArray("FgAAAAAAAAD//wAAAAAAABYAAAAAAAAA//8AAAAAAAAWAAAAAAAAAP//AAAAAAAAFgAAAAAAAAD//wAAAAAAABYAAAAAAAAA//8AAAAAAAAWAAAAAAAAAP//AAAAAAAAFgAAAAAAAAD//wAAAAAAABYAAAAAAAAA//8AAAAAAAAWAAAAAAAAAP//AAAAAAAAFgAAAAAAAAD//wAAAAAAABYAAAAAAAAA//8AAAAAAAAWAAAAAAAAAP//AAAAAAAAFgAAAAAAAAD//wAAAAAAABYAAAAAAAAA//8AAAAAAAAWAAAAAAAAAP//AAAAAAAAFgAAAAAAAAD//wAAAAAAABYAAAAAAAAA//8AAAAAAAAWAAAAAAAAAP//AAAAAAAAFgAAAAAAAAD//wAAAAAAABYAAAAAAAAA//8AAAAAAAAWAAAAAAAAAP//AAAAAAAAFgAAAAAAAAD//wAAAAAAABYAAAAAAAAA//8AAAAAAAAWAAAAAAAAAP//AAAAAAAA"),
"uv_scale": Vector4(0, 0, 0, 0),
"vertex_count": 24,
"vertex_data": PackedByteArray("qwVMvsXQkL36G3c+bJeevvgENT9BOF4/0uCkvt/qIj/yC3A/33I/vmo4G7EzzS8+33I/vmo4G7EzzS8+sVZYvvgENT9FqmI/bJeevvgENT9BOF4/bzW1vTbuE7FElUE+bzW1vTbuE7FElUE+felkvt/qIj/3fXQ/sVZYvvgENT9FqmI/B1vOvcXQkL0FcoQ+B1vOvcXQkL0FcoQ+0uCkvt/qIj/yC3A/felkvt/qIj/3fXQ/qwVMvsXQkL36G3c+33I/vmo4G7EzzS8+B1vOvcXQkL0FcoQ+bzW1vTbuE7FElUE+qwVMvsXQkL36G3c+sVZYvvgENT9FqmI/0uCkvt/qIj/yC3A/bJeevvgENT9BOF4/felkvt/qIj/3fXQ/AAAvk7N1pd0AAC+Ts3Wl3QAAL5OzdaXdAAAvk7N1pd2yxLL1s3Wl3bLEsvWzdaXdssSy9bN1pd2yxLL1s3Wl3c/s/3+zdaXdz+z/f7N1pd3P7P9/s3Wl3c/s/3+zdaXds3WyRLN1pd2zdbJEs3Wl3bN1skSzdaXds3WyRLN1pd2yxEwKz+z/v7LETArP7P+/ssRMCs/s/7+yxEwKz+z/v7N1TLsAAJfJs3VMuwAAl8mzdUy7AABntrN1TLsAAJfJ")
}]
blend_shape_mode = 0

[sub_resource type="StandardMaterial3D" id="StandardMaterial3D_71kcb"]

[sub_resource type="ArrayMesh" id="ArrayMesh_hf70y"]
resource_name = "spider_Cube_019"
_surfaces = [{
"aabb": AABB(-0.44481587, -0.070710704, 0.8680451, 0.2335472, 0.77781785, 0.78336585),
"attribute_data": PackedByteArray("AADAPgAAgD8AACA/AABAPwAAID8AAIA/AADAPgAAQD8AAMA+AABAPwAAID8AAAA/AAAgPwAAQD8AAMA+AAAAPwAAwD4AAAA/AAAgPwAAgD4AACA/AAAAPwAAwD4AAIA+AADAPgAAgD4AACA/AAAAAAAAID8AAIA+AADAPgAAAAAAAAA+AAAAPwAAwD4AAIA+AADAPgAAAD8AAAA+AACAPgAAID8AAAA/AABgPwAAgD4AAGA/AAAAPwAAID8AAIA+"),
"bone_aabbs": [AABB(0, 0, 0, -1, -1, -1), AABB(0, 0, 0, -1, -1, -1), AABB(0, 0, 0, -1, -1, -1), AABB(0, 0, 0, -1, -1, -1), AABB(0, 0, 0, -1, -1, -1), AABB(0, 0, 0, -1, -1, -1), AABB(0, 0, 0, -1, -1, -1), AABB(0, 0, 0, -1, -1, -1), AABB(0, 0, 0, -1, -1, -1), AABB(0, 0, 0, -1, -1, -1), AABB(0, 0, 0, -1, -1, -1), AABB(0, 0, 0, -1, -1, -1), AABB(0, 0, 0, -1, -1, -1), AABB(0, 0, 0, -1, -1, -1), AABB(0, 0, 0, -1, -1, -1), AABB(0, 0, 0, -1, -1, -1), AABB(0, 0, 0, -1, -1, -1), AABB(0, 0, 0, -1, -1, -1), AABB(0, 0, 0, -1, -1, -1), AABB(0, 0, 0, -1, -1, -1), AABB(0, 0, 0, -1, -1, -1), AABB(0, 0, 0, -1, -1, -1), AABB(0, 0, 0, -1, -1, -1), AABB(-0.44481587, -0.070710704, 0.8680451, 0.2335472, 0.77781785, 0.78336585)],
"format": 34359745559,
"index_count": 36,
"index_data": PackedByteArray("AAABAAIAAAADAAEABAAFAAYABAAHAAUACAAJAAoACAALAAkADAANAA4ADAAPAA0AEAARABIAEAATABEAFAAVABYAFAAXABUA"),
"material": SubResource("StandardMaterial3D_71kcb"),
"primitive": 3,
"skin_data": PackedByteArray("FwAAAAAAAAD//wAAAAAAABcAAAAAAAAA//8AAAAAAAAXAAAAAAAAAP//AAAAAAAAFwAAAAAAAAD//wAAAAAAABcAAAAAAAAA//8AAAAAAAAXAAAAAAAAAP//AAAAAAAAFwAAAAAAAAD//wAAAAAAABcAAAAAAAAA//8AAAAAAAAXAAAAAAAAAP//AAAAAAAAFwAAAAAAAAD//wAAAAAAABcAAAAAAAAA//8AAAAAAAAXAAAAAAAAAP//AAAAAAAAFwAAAAAAAAD//wAAAAAAABcAAAAAAAAA//8AAAAAAAAXAAAAAAAAAP//AAAAAAAAFwAAAAAAAAD//wAAAAAAABcAAAAAAAAA//8AAAAAAAAXAAAAAAAAAP//AAAAAAAAFwAAAAAAAAD//wAAAAAAABcAAAAAAAAA//8AAAAAAAAXAAAAAAAAAP//AAAAAAAAFwAAAAAAAAD//wAAAAAAABcAAAAAAAAA//8AAAAAAAAXAAAAAAAAAP//AAAAAAAA"),
"uv_scale": Vector4(0, 0, 0, 0),
"vertex_count": 24,
"vertex_data": PackedByteArray("bQmrvsbQkL2Wd8o/n+lkvvkENT/qfXQ/0VZYvuDqIj84qmI/1FKxvg80ODFvYdM/1FKxvg80ODFvYdM/4+CkvvkENT/lC3A/n+lkvvkENT/qfXQ/6L7jvp24bDFsKNE/6L7jvp24bDFsKNE/fZeevuDqIj80OF4/4+CkvvkENT/lC3A/gXXdvsbQkL2TPsg/gXXdvsbQkL2TPsg/0VZYvuDqIj84qmI/fZeevuDqIj80OF4/bQmrvsbQkL2Wd8o/1FKxvg80ODFvYdM/gXXdvsbQkL2TPsg/6L7jvp24bDFsKNE/bQmrvsbQkL2Wd8o/4+CkvvkENT/lC3A/0VZYvuDqIj84qmI/n+lkvvkENT/qfXQ/fZeevuDqIj80OF4/z+z/f7LE2PrP7P9/ssTY+s/s/3+yxNj6z+z/f7LE2PqzdUy7ssTY+rN1TLuyxNj6s3VMu7LE2PqzdUy7ssTY+gAAL5OyxNj6AAAvk7LE2PoAAC+TssTY+gAAL5OyxNj6ssRMCrLE2PqyxEwKssTY+rLETAqyxNj6ssRMCrLE2PqzdbJEAABntrN1skQAAGe2s3WyRAAAZ7azdbJEAABntrLEsvXP7P+/ssSy9c/s/7+yxLL1z+z/v7LEsvXP7P+/")
}]
blend_shape_mode = 0

[sub_resource type="StandardMaterial3D" id="StandardMaterial3D_vekqy"]

[sub_resource type="ArrayMesh" id="ArrayMesh_ofw7y"]
resource_name = "spider_Cube_020"
_surfaces = [{
"aabb": AABB(0.08848083, -0.0707107, 0.17168115, 0.23354745, 0.7778178, 0.78336585),
"attribute_data": PackedByteArray("AADAPgAAgD8AACA/AABAPwAAID8AAIA/AADAPgAAQD8AAMA+AABAPwAAID8AAAA/AAAgPwAAQD8AAMA+AAAAPwAAwD4AAAA/AAAgPwAAgD4AACA/AAAAPwAAwD4AAIA+AADAPgAAgD4AACA/AAAAAAAAID8AAIA+AADAPgAAAAAAAAA+AAAAPwAAwD4AAIA+AADAPgAAAD8AAAA+AACAPgAAID8AAAA/AABgPwAAgD4AAGA/AAAAPwAAID8AAIA+"),
"bone_aabbs": [AABB(0, 0, 0, -1, -1, -1), AABB(0, 0, 0, -1, -1, -1), AABB(0, 0, 0, -1, -1, -1), AABB(0, 0, 0, -1, -1, -1), AABB(0, 0, 0, -1, -1, -1), AABB(0, 0, 0, -1, -1, -1), AABB(0, 0, 0, -1, -1, -1), AABB(0, 0, 0, -1, -1, -1), AABB(0, 0, 0, -1, -1, -1), AABB(0, 0, 0, -1, -1, -1), AABB(0, 0, 0, -1, -1, -1), AABB(0, 0, 0, -1, -1, -1), AABB(0, 0, 0, -1, -1, -1), AABB(0, 0, 0, -1, -1, -1), AABB(0, 0, 0, -1, -1, -1), AABB(0, 0, 0, -1, -1, -1), AABB(0, 0, 0, -1, -1, -1), AABB(0, 0, 0, -1, -1, -1), AABB(0, 0, 0, -1, -1, -1), AABB(0.08848083, -0.0707107, 0.17168115, 0.23354745, 0.7778178, 0.78336585)],
"format": 34359745559,
"index_count": 36,
"index_data": PackedByteArray("AAABAAIAAAADAAEABAAFAAYABAAHAAUACAAJAAoACAALAAkADAANAA4ADAAPAA0AEAARABIAEAATABEAFAAVABYAFAAXABUA"),
"material": SubResource("StandardMaterial3D_vekqy"),
"primitive": 3,
"skin_data": PackedByteArray("EwAAAAAAAAD//wAAAAAAABMAAAAAAAAA//8AAAAAAAATAAAAAAAAAP//AAAAAAAAEwAAAAAAAAD//wAAAAAAABMAAAAAAAAA//8AAAAAAAATAAAAAAAAAP//AAAAAAAAEwAAAAAAAAD//wAAAAAAABMAAAAAAAAA//8AAAAAAAATAAAAAAAAAP//AAAAAAAAEwAAAAAAAAD//wAAAAAAABMAAAAAAAAA//8AAAAAAAATAAAAAAAAAP//AAAAAAAAEwAAAAAAAAD//wAAAAAAABMAAAAAAAAA//8AAAAAAAATAAAAAAAAAP//AAAAAAAAEwAAAAAAAAD//wAAAAAAABMAAAAAAAAA//8AAAAAAAATAAAAAAAAAP//AAAAAAAAEwAAAAAAAAD//wAAAAAAABMAAAAAAAAA//8AAAAAAAATAAAAAAAAAP//AAAAAAAAEwAAAAAAAAD//wAAAAAAABMAAAAAAAAA//8AAAAAAAATAAAAAAAAAP//AAAAAAAA"),
"uv_scale": Vector4(0, 0, 0, 0),
"vertex_count": 24,
